145
172
177
177
151
168
157
174
1000453
1000100
165
120
128
189
143
117
175
199
179
129
198
189
128
149
198
199
119
101
110
153
133
137
127
158
138
180
130
141
107
108
121
171
161
169
141
147
167
160
104
144
166
141
168
115
124
163
120
119
184
134
105
167
115
109
191
110
147
105
175
118
113
118
160
160
148
122
197
110
119
197
192
103
170
111
139
120
135
188
179
193
129
115
158
160
149
155
125
148
156
142
128
173
185
117
137
134
190
168
120
191
111
104
136
186
183
187
166
109
199
111
182
100
177
132
100
106
160
163
164
160
184
125
164
190
176
193
108
102
115
197
124
176
160
152
149
161
140
199
117
109
152
105
192
113
192
156
102
143
150
144
106
166
140
127
112
110
116
190
169
110
169
123
150
186
187
186
105
155
154
108
132
142
108
112
146
190
106
185
1000046
1000165
122
161
128
177
151
161
115
128
177
169
170
153
